ntd_id:
[20080 40035 50027 90026 40034 20008 30006     1 60056 30030 90154 40029
 10048 30019 50016 40022 90002 60008 10003 90032 50017 90014 30034 30051
 50033 50066 50015    29 90157 50036 60011 40018 30022 60048 20002    40
 50113 60032 50054 90015 90045 30081 60041 90036     2 40074 50119 20206
 90001 40063 10086 50010 50146 60101 10050 80006 20188     8 50031 90019
 10016 80001 40008 40087 50059 90009 50008 40017 90146    18 50058 50012
 90079 20004 50022 90013 90136 40071 50043 40027 40037 30072 30075 90029
 30068 30012 30070 70006 70014    24 60017 90306 10055    11 90003 40004
 50182 10118 90023 90031 50154 66339 30010 60051 60019 90033    44 50032
 50050 40002 40003 30083 40100     3 50092 20018 40040 30202 10045 10128
 20076 60007 90030 20003 90094 50519 90093 90147 30201 80028 40041 40078
 60033 10051 20099 60014 10004 40093 60024 90164 90017 90027 70005 50518
 20113 90006 10005 50006 90213 40222 40030 10056 90090     5 40028    12
 30002 40007 50110 50060 60088 60022 80003 50057 99422 60016 90162 40140
 40185 90091 10087 30107 90004 40224 60018 30095 90209 50061 40046 90214
 40094 20082 90008 10053 10064 30085 40265    58 50040 10014 50056 40159
 40058 10001 80007 90078 10008 40042 40192 40031 40053 90016 50051 70003
 70001 10057 70271 40032 90022 20169 20072 90007 60130 60133 30027 50034
 50213 99423 40110 40138 70010 50052 90012 60012 90219 60006 40105 50155
 60010 10040 30014 20128 90034 40171 70016 90061 40230 20075 40038 30112
 50193 50157 40086 40152 50184 20145 90087 60009 22930 30008 30018 40012
 50035 20217 90234 90144 70018 42000 90148 40001 80005 50413 40026 80011
 70012 90121    20 50005    19 40014 40129 50011 30044 30207 50028 60090
 30013 30206 30096 91092 90020    25 50024 40019 20126 30071 40015 10130
 50053 10017 50159 10061 90200 90232 90173 55312 40009 90042 80009 90142
 50096 40108 90230 30094 40057 50045    34     7 40172 80109 10006 40021
 60103 20163 90035 30088 60114 40025 20190 50191   376 50002 40036 40178
 80012 91059 80004 60108    43 40950 44929 50026 40077 90039 70002 30111
 50021 50001 70044 60059 41105 90311 40005 60015 60269 80106 30080    57
 10066 90196 90159 50025 50044 50522 10183 20084 70057 50160 10013 10007
 50149 60091 30026 90088 40169    16 55311 70275 40147 20122 30091 40158
 20177    21 90208 50047 30007 90092 50145 10105 50099 30025    46 50004
    23 80008 40200 40006 30035 70041 70015 30001 30054 80285 30015 20166
 40173 50003 20071 90086 30087 90206 50165 40068 90089 50209 40141 40023
 50204     6 90310 70048 90211    35 30061 20209 90171 50211 70045 60095
 90241 30137 90010 90041 80025 40082 90140 80107 40180 40104 20226 50161
 50516 50141 30011 40928 30076 20149 50158 40047   415 40097 60102 90222
 90218 90229 20161 90223 50009 50517 30048 50199 40203 50117 90134 50515
 90205 20178 40128 60134 70030 60038 50163 40051 40191 70008 10119 90024
 90225 20204 80016 90201 70019 90095 20193 60072 40245 11147 50148 30045
 40135 60084 10063 40102 20010 40244 60082 30023 90169 90156 60111 40175
 20137 90244 60124 60107 30078 60001 40044 20172 40153 30024 40179 20135
 60077 50029 90193 20116 10049 30101 20199 20185 40103 40228 30074 40130
 90062 20192]

primary_uza_uace_code:
[63217 65863 57628 78661 56602 74746 80389 22042 92242 51445 37243 69076
 19234  3817 39889 40429  9271 69184 22528 78904  4843 34300 16264 17668
 47719 78580 51755 69697  4384   970 62677 60625 47995 83764 86599 23824
 74179 67105 24607   766 77770 23500 10162 23527 71317 77068 71263 78499
 15670 25228 83899 57466 49582 44479 75718 16885 41347 11350 87868 79039
 40780 28333 31519 75340 43291 88084 65080 58006 62407  8785 61273 47935
  1495 20287  1171 88732 60490 29872 41212 45640 56116 90892 85708 75637
 86302 42346 47530 92485  7732 73774 50959 50392 22096 10972 35164 81739
 66673 79498 31843 43912 75664 79336 73153 68887 73261 32167 13510  2305
 40753  8380 15211  5680 29089 22366 85087  6058  2683  8974 67305 90946
 61165 59275  4681  3358 88948 48664 22717  9536 79093 72505 22690  2602
 97291 68509 76204 72613 19504 83926  7786 71479 46828 35461 46018 83953
 49933 22612 61948 97750 42157 15508 23743 83116 91027 29818 27253 51877
 64135 37081 18937 97939 68482 39430 41914 79417 47854 52201 96670 43723
 50533 41590 90541 15832 18856 88300 30628 82225 67140  9946 53200 65242
 35920 71060 13375 95455 77338 52390 27766 78364 99999 79282 78229 97831
 42211 87139 43885 49096 36703 90028 56251 29440 57736 22420 37162 42265
 55981 28117 38647 61786   901 91261 79768 34813 86464 34759  7705 93862
 43210 65269  2764 48232 18748 66484 32491 79201  6868 11755 24850 31087
 58357  5167 69778 26794 44992 61057 51283  8002 48799  6652 16318  8407
 75421 28657 45694 26038 80227 45910 34219 95833 94726  2062 95077 15481
 84493  9298 44506    42 79147 29953 18964  4222    17 97507 79309 90514
 43615  3763 90406  1792 28766 95411 78553 66160 71803 61372 87300 46045
 61705 26750 14752 34273 89083 90730 29494 71155 15724 60895 83548 87220
 81631  1927 58600 73693 79363  5869  3904 89785 24472  6290 52822 80362]

rail/bus/ferry:
['Bus' 'Rail' 'Ferry']

mode_name:
['Bus' 'Demand Response' 'Light Rail' 'Monorail/Automated Guideway'
 'Heavy Rail' 'Bus Rapid Transit' 'Trolleybus' 'Street Car Rail'
 'Commuter Bus' 'Vanpool' 'Inclined Plane' 'Hybrid Rail' 'Cable Car'
 'Ferryboat' 'Publico']

mode:
['MB' 'DR' 'LR' 'MG' 'HR' 'RB' 'TB' 'SR' 'CB' 'VP' 'IP' 'YR' 'CC' 'FB'
 'PB']

tos:
['DO' 'PT' 'TX' 'TN']

year:
[2024 2023 2022 2021 2020 2019 2018 2017 2016 2015 2014]

event_date:
['2024 November 30' '2024 November 29' '2024 November 27' ...
 '2014 August 24' '2014 March 23' '2014 April 13']

event_time:
['8:46:00 AM' '7:09:00 PM' '8:30:00 PM' ... '1:12:17 PM' '3:00:06 PM'
 '4:24:21 PM']

event_type:
['Non-Rail Collision' 'Homicide not against Transit Worker'
 'Assault not against Transit Worker'
 'Physical Assault on Other Transit Worker'
 'Physical Assault on an Operator' 'Non Rail Fire' 'Robbery'
 'Rail Collision' 'Other' 'Yard Derailment' 'Flood' 'Main Line Derailment'
 'Rape' 'Non-Physical Assault on an Operator' 'Rail Fire' 'Suicide'
 'Larceny / Theft' 'Cyber' 'Non-Rail Hazardous Material Spill'
 'Motor Vehicle Theft' 'Vandalism' 'Suspicious package' 'Assault'
 'Homicide' 'Chemical / Biological / Nuclear / Radiological'
 'Attempted Suicide' 'Burglary' 'Arson' 'Bomb Threat' 'Hijacking'
 'Hurricane' 'Lightning' 'Ferry Boat Fire'
 'Physical Homicide on an Operator' 'Rail Hazardous Material Spill'
 'Ferry Boat Collision' 'Non-Physical Assault on Other Transit Worker'
 'Earthquake' 'Physical Homicide on Other Transit Worker' 'Ice Storm'
 'Tornado' 'Other High Winds' 'Snow Storm' 'Bombing']

event_type_group:
['Collision' 'Security' 'Assault' 'Fire' 'Other' 'Derailment'
 'Non-RGX Collision']

safety/security:
['SFT' 'SEC']

total_injuries:
[ 0  2  1  3 10  6  4  7  5  9  8 11 16 23 13 17 14 12 20 18 15 34 19 26
 27 22 24 36 39 44 28 42 41 29 85 30 21 35 32]

total_fatalities:
[ 0  1  3  4  2 10  5  6]

towed_(y/n):
['Y' 'N']

number_of_transit_vehicles_involved:
[1 0 2 3 4]

number_of_non-transit_vehicles_involved:
[ 1  0  2  4  3  7  5  6  9 14 23 11 12 27 20]

number_of_cars_on_involved_transit_vehicles:
[ 0  8  1  6  2  3 10  5  4  7 24 11 20  9 23 13 18 16 35 12 14 21]

location_type:
['Roadway: not a grade crossing or intersection' 'Roadway: intersection'
 'In or on vehicle' 'Revenue facility: transit station' 'Bus Stop'
 'Right-of-way: not a grade crossing' 'Revenue facility: terminal center'
 'Not a securement issue' 'Right-of-way: track way'
 'Revenue facility: parking facility' 'Mulitiple locations'
 'Boarding / alighting: With other' 'Right-of-way: grade crossing'
 'Right-of-way' 'Vehicle Exterior' 'Revenue facility: other'
 'Revenue facility: platform / stop / waiting area' 'Non-revenue facility'
 'Roadway: grade crossing' 'Right-of-way: intersection' 'Other' 'Yard'
 'Escalators' 'Right-of-way: outside vehicle' 'On right-of-way' 'Stairs'
 'Service stop' 'Boarding / alighting: With lift or ramp'
 'Boarding / alighting: With stairs' 'Roadway' 'Securement issue'
 'Elevators' 'Parking facility' 'Ramps']

total_serious_injuries:
[ 0  2  1  3  4  9  8  6  5 39]

